 0.000550775 0.000516178 0.000519183 0.000509285 -0.000429122 0.000516254 -0.000384038 0.000518608 0.00098808
 0.000516178 0.000523284 0.000517909 0.000507958 -0.000431443 0.000515017 -0.000386309 0.000517329 0.000987188
 0.000519183 0.000517909 0.000529347 0.000510828 -0.000430881 0.000518106 -0.000385817 0.000520337 0.000991824
 0.000509285 0.000507958 0.000510828 0.000635209 -0.000437019 0.000509033 -0.000389474 0.000511495 0.000977179
 -0.000429122 -0.000431443 -0.000430881 -0.000437019 0.000382355 -0.000433694 0.000272293 -0.000426693 -0.000959887
 0.000516254 0.000515017 0.000518106 0.000509033 -0.000433694 0.00135795 -0.000327111 0.000517375 0.000987893
 -0.000384038 -0.000386309 -0.000385817 -0.000389474 0.000272293 -0.000327111 0.00776141 -0.000441632 -0.00290714
 0.000518608 0.000517329 0.000520337 0.000511495 -0.000426693 0.000517375 -0.000441632 0.00065502 0.000986594
 0.00098808 0.000987188 0.000991824 0.000977179 -0.000959887 0.000987893 -0.00290714 0.000986594 0.00353545