 0.000709316 0.000604294 0.000610784 0.000584084 -0.000490108 0.000604883 -0.000301275 0.000609514 0.00103215
 0.000604294 0.000624245 0.00060582 0.000579197 -0.000495999 0.000600042 -0.000306981 0.000604858 0.00102684
 0.000610784 0.00060582 0.00063766 0.000585913 -0.000492203 0.0006068 -0.000302982 0.000611191 0.00103454
 0.000584084 0.000579197 0.000585913 0.00096071 -0.000513811 0.000582359 -0.000322623 0.000585545 0.00100319
 -0.000490108 -0.000495999 -0.000492203 -0.000513811 0.000441571 -0.00049685 0.000206185 -0.000486951 -0.00107404
 0.000604883 0.000600042 0.0006068 0.000582359 -0.00049685 0.00312879 -0.000246235 0.00060485 0.00102718
 -0.000301275 -0.000306981 -0.000302982 -0.000322623 0.000206185 -0.000246235 0.0080991 -0.000356544 -0.00287936
 0.000609514 0.000604858 0.000611191 0.000585545 -0.000486951 0.00060485 -0.000356544 0.00101086 0.00102864
 0.00103215 0.00102684 0.00103454 0.00100319 -0.00107404 0.00102718 -0.00287936 0.00102864 0.00413783