#Higgs production and decay in the fourth generation model with SM-like couplings
#"MD4=ML4=600GeV and MU4 - MD4 = [ 1 + 1/5*ln(MH/115) ] * 50 GeV ). Electroweak radiative corrections in the fourth generation model in Higgs production and decay are unknown (work in progress). The electroweak radiative corrections for the Standard Model is switched off in ggF and Higgs decay. Therefore suggests to assign +-10% theory uncertainty for sigma x BR, to be added in linear to QCD scale and PDF+alphas uncertainties...The braching fractions are calculated with HDECAY 4.00. SM NLO EW radiative corrections are switched off in BR." 
#copied from https://twiki.cern.ch/twiki/bin/view/LHCPhysics/SM4At7TeV on 27th July 2011
#MH[GeV],BR: H->bb,     H->tautau,   H->mumu,    H->ss,      H->cc,      H->tt,      H->gg,     H->gaga,    H->Zga,      H->WW,      H->ZZ,    Width[GeV]
			
  100.0     4.95E-01    5.19E-02    1.80E-04    2.11E-04    2.45E-02    0.00E+00    4.21E-01    1.83E-04    2.37E-05    6.71E-03    6.92E-04    3.97E-03
  105.0     4.71E-01    4.99E-02    1.73E-04    2.01E-04    2.33E-02    0.00E+00    4.40E-01    2.07E-04    8.07E-05    1.43E-02    1.28E-03    4.33E-03
  110.0     4.45E-01    4.76E-02    1.65E-04    1.90E-04    2.20E-02    0.00E+00    4.54E-01    2.32E-04    1.81E-04    2.78E-02    2.56E-03    4.76E-03
  110.5     4.42E-01    4.73E-02    1.64E-04    1.89E-04    2.19E-02    0.00E+00    4.55E-01    2.35E-04    1.94E-04    2.96E-02    2.75E-03    4.80E-03
  111.0     4.40E-01    4.71E-02    1.63E-04    1.88E-04    2.18E-02    0.00E+00    4.57E-01    2.38E-04    2.07E-04    3.14E-02    2.95E-03    4.85E-03
  111.5     4.37E-01    4.68E-02    1.63E-04    1.87E-04    2.16E-02    0.00E+00    4.58E-01    2.40E-04    2.20E-04    3.33E-02    3.16E-03    4.90E-03
  112.0     4.34E-01    4.66E-02    1.62E-04    1.85E-04    2.15E-02    0.00E+00    4.59E-01    2.43E-04    2.34E-04    3.54E-02    3.38E-03    4.95E-03
  112.5     4.31E-01    4.63E-02    1.61E-04    1.84E-04    2.13E-02    0.00E+00    4.59E-01    2.46E-04    2.49E-04    3.75E-02    3.62E-03    5.00E-03
  113.0     4.28E-01    4.60E-02    1.60E-04    1.83E-04    2.12E-02    0.00E+00    4.60E-01    2.48E-04    2.64E-04    3.97E-02    3.88E-03    5.05E-03
  113.5     4.25E-01    4.57E-02    1.59E-04    1.82E-04    2.10E-02    0.00E+00    4.61E-01    2.51E-04    2.79E-04    4.20E-02    4.14E-03    5.10E-03
  114.0     4.22E-01    4.55E-02    1.58E-04    1.80E-04    2.09E-02    0.00E+00    4.62E-01    2.54E-04    2.95E-04    4.44E-02    4.43E-03    5.16E-03
  114.5     4.19E-01    4.52E-02    1.57E-04    1.79E-04    2.08E-02    0.00E+00    4.62E-01    2.56E-04    3.11E-04    4.69E-02    4.73E-03    5.21E-03
  115.0     4.16E-01    4.49E-02    1.56E-04    1.78E-04    2.06E-02    0.00E+00    4.63E-01    2.59E-04    3.27E-04    4.94E-02    5.05E-03    5.27E-03
  115.5     4.13E-01    4.46E-02    1.55E-04    1.77E-04    2.04E-02    0.00E+00    4.63E-01    2.62E-04    3.44E-04    5.21E-02    5.38E-03    5.33E-03
  116.0     4.10E-01    4.43E-02    1.54E-04    1.75E-04    2.03E-02    0.00E+00    4.64E-01    2.65E-04    3.62E-04    5.50E-02    5.74E-03    5.39E-03
  116.5     4.07E-01    4.40E-02    1.53E-04    1.74E-04    2.01E-02    0.00E+00    4.64E-01    2.67E-04    3.79E-04    5.79E-02    6.11E-03    5.45E-03
  117.0     4.04E-01    4.37E-02    1.52E-04    1.73E-04    2.00E-02    0.00E+00    4.64E-01    2.70E-04    3.98E-04    6.09E-02    6.50E-03    5.51E-03
  117.5     4.01E-01    4.34E-02    1.51E-04    1.71E-04    1.98E-02    0.00E+00    4.64E-01    2.73E-04    4.16E-04    6.40E-02    6.91E-03    5.57E-03
  118.0     3.98E-01    4.31E-02    1.50E-04    1.70E-04    1.97E-02    0.00E+00    4.64E-01    2.75E-04    4.35E-04    6.73E-02    7.34E-03    5.64E-03
  118.5     3.94E-01    4.28E-02    1.48E-04    1.68E-04    1.95E-02    0.00E+00    4.64E-01    2.78E-04    4.54E-04    7.06E-02    7.80E-03    5.70E-03
  119.0     3.91E-01    4.24E-02    1.47E-04    1.67E-04    1.93E-02    0.00E+00    4.64E-01    2.81E-04    4.74E-04    7.41E-02    8.27E-03    5.77E-03
  119.5     3.88E-01    4.21E-02    1.46E-04    1.66E-04    1.92E-02    0.00E+00    4.64E-01    2.83E-04    4.94E-04    7.77E-02    8.76E-03    5.84E-03
  120.0     3.84E-01    4.18E-02    1.45E-04    1.64E-04    1.90E-02    0.00E+00    4.63E-01    2.86E-04    5.14E-04    8.14E-02    9.28E-03    5.91E-03
  120.5     3.81E-01    4.14E-02    1.44E-04    1.63E-04    1.88E-02    0.00E+00    4.63E-01    2.89E-04    5.35E-04    8.53E-02    9.81E-03    5.98E-03
  121.0     3.77E-01    4.11E-02    1.43E-04    1.61E-04    1.87E-02    0.00E+00    4.62E-01    2.91E-04    5.56E-04    8.92E-02    1.04E-02    6.06E-03
  121.5     3.74E-01    4.07E-02    1.41E-04    1.60E-04    1.85E-02    0.00E+00    4.62E-01    2.94E-04    5.77E-04    9.33E-02    1.10E-02    6.14E-03
  122.0     3.70E-01    4.04E-02    1.40E-04    1.58E-04    1.83E-02    0.00E+00    4.61E-01    2.97E-04    5.99E-04    9.75E-02    1.16E-02    6.22E-03
  122.5     3.67E-01    4.00E-02    1.39E-04    1.57E-04    1.81E-02    0.00E+00    4.60E-01    2.99E-04    6.20E-04    1.02E-01    1.22E-02    6.30E-03
  123.0     3.63E-01    3.97E-02    1.38E-04    1.55E-04    1.80E-02    0.00E+00    4.59E-01    3.02E-04    6.42E-04    1.06E-01    1.28E-02    6.38E-03
  123.5     3.59E-01    3.93E-02    1.36E-04    1.53E-04    1.78E-02    0.00E+00    4.58E-01    3.04E-04    6.65E-04    1.11E-01    1.35E-02    6.47E-03
  124.0     3.56E-01    3.89E-02    1.35E-04    1.52E-04    1.76E-02    0.00E+00    4.57E-01    3.07E-04    6.87E-04    1.16E-01    1.42E-02    6.56E-03
  124.5     3.52E-01    3.85E-02    1.34E-04    1.50E-04    1.74E-02    0.00E+00    4.55E-01    3.09E-04    7.10E-04    1.21E-01    1.49E-02    6.65E-03
  125.0     3.48E-01    3.81E-02    1.32E-04    1.49E-04    1.72E-02    0.00E+00    4.54E-01    3.12E-04    7.32E-04    1.26E-01    1.57E-02    6.74E-03
  125.5     3.44E-01    3.78E-02    1.31E-04    1.47E-04    1.70E-02    0.00E+00    4.52E-01    3.14E-04    7.55E-04    1.31E-01    1.65E-02    6.84E-03
  126.0     3.41E-01    3.74E-02    1.30E-04    1.45E-04    1.68E-02    0.00E+00    4.51E-01    3.17E-04    7.79E-04    1.36E-01    1.73E-02    6.94E-03
  126.5     3.37E-01    3.70E-02    1.28E-04    1.44E-04    1.66E-02    0.00E+00    4.49E-01    3.19E-04    8.02E-04    1.41E-01    1.81E-02    7.04E-03
  127.0     3.33E-01    3.66E-02    1.27E-04    1.42E-04    1.64E-02    0.00E+00    4.47E-01    3.21E-04    8.25E-04    1.47E-01    1.89E-02    7.15E-03
  127.5     3.29E-01    3.61E-02    1.25E-04    1.40E-04    1.62E-02    0.00E+00    4.45E-01    3.24E-04    8.48E-04    1.53E-01    1.98E-02    7.26E-03
  128.0     3.25E-01    3.57E-02    1.24E-04    1.39E-04    1.61E-02    0.00E+00    4.43E-01    3.26E-04    8.72E-04    1.58E-01    2.07E-02    7.37E-03
  128.5     3.21E-01    3.53E-02    1.23E-04    1.37E-04    1.59E-02    0.00E+00    4.41E-01    3.28E-04    8.95E-04    1.64E-01    2.16E-02    7.49E-03
  129.0     3.17E-01    3.49E-02    1.21E-04    1.35E-04    1.56E-02    0.00E+00    4.39E-01    3.30E-04    9.19E-04    1.70E-01    2.25E-02    7.61E-03
  129.5     3.12E-01    3.45E-02    1.20E-04    1.33E-04    1.54E-02    0.00E+00    4.36E-01    3.32E-04    9.42E-04    1.77E-01    2.35E-02    7.73E-03
  130.0     3.08E-01    3.40E-02    1.18E-04    1.32E-04    1.52E-02    0.00E+00    4.34E-01    3.34E-04    9.66E-04    1.83E-01    2.44E-02    7.86E-03
  130.5     3.04E-01    3.36E-02    1.17E-04    1.30E-04    1.50E-02    0.00E+00    4.31E-01    3.37E-04    9.89E-04    1.89E-01    2.54E-02    7.99E-03
  131.0     3.00E-01    3.32E-02    1.15E-04    1.28E-04    1.48E-02    0.00E+00    4.28E-01    3.38E-04    1.01E-03    1.96E-01    2.64E-02    8.13E-03
  131.5     2.96E-01    3.27E-02    1.14E-04    1.26E-04    1.46E-02    0.00E+00    4.25E-01    3.40E-04    1.04E-03    2.03E-01    2.75E-02    8.27E-03
  132.0     2.91E-01    3.23E-02    1.12E-04    1.24E-04    1.44E-02    0.00E+00    4.22E-01    3.42E-04    1.06E-03    2.10E-01    2.85E-02    8.42E-03
  132.5     2.87E-01    3.18E-02    1.10E-04    1.23E-04    1.42E-02    0.00E+00    4.19E-01    3.44E-04    1.08E-03    2.17E-01    2.96E-02    8.57E-03
  133.0     2.83E-01    3.14E-02    1.09E-04    1.21E-04    1.40E-02    0.00E+00    4.16E-01    3.46E-04    1.10E-03    2.24E-01    3.07E-02    8.73E-03
  133.5     2.79E-01    3.09E-02    1.07E-04    1.19E-04    1.38E-02    0.00E+00    4.12E-01    3.47E-04    1.13E-03    2.31E-01    3.18E-02    8.89E-03
  134.0     2.74E-01    3.04E-02    1.06E-04    1.17E-04    1.35E-02    0.00E+00    4.09E-01    3.49E-04    1.15E-03    2.39E-01    3.29E-02    9.06E-03
  134.5     2.70E-01    3.00E-02    1.04E-04    1.15E-04    1.33E-02    0.00E+00    4.05E-01    3.51E-04    1.17E-03    2.46E-01    3.40E-02    9.23E-03
  135.0     2.65E-01    2.95E-02    1.02E-04    1.13E-04    1.31E-02    0.00E+00    4.01E-01    3.52E-04    1.19E-03    2.54E-01    3.52E-02    9.42E-03
  135.5     2.61E-01    2.90E-02    1.01E-04    1.11E-04    1.29E-02    0.00E+00    3.97E-01    3.53E-04    1.21E-03    2.62E-01    3.64E-02    9.60E-03
  136.0     2.56E-01    2.85E-02    9.90E-05    1.09E-04    1.27E-02    0.00E+00    3.93E-01    3.55E-04    1.24E-03    2.70E-01    3.75E-02    9.80E-03
  136.5     2.52E-01    2.81E-02    9.74E-05    1.08E-04    1.25E-02    0.00E+00    3.89E-01    3.56E-04    1.26E-03    2.78E-01    3.87E-02    1.00E-02
  137.0     2.48E-01    2.76E-02    9.57E-05    1.06E-04    1.22E-02    0.00E+00    3.85E-01    3.57E-04    1.28E-03    2.86E-01    3.99E-02    1.02E-02
  137.5     2.43E-01    2.71E-02    9.40E-05    1.04E-04    1.20E-02    0.00E+00    3.81E-01    3.58E-04    1.30E-03    2.94E-01    4.11E-02    1.04E-02
  138.0     2.39E-01    2.66E-02    9.23E-05    1.02E-04    1.18E-02    0.00E+00    3.76E-01    3.59E-04    1.32E-03    3.03E-01    4.23E-02    1.07E-02
  138.5     2.34E-01    2.61E-02    9.06E-05    9.98E-05    1.16E-02    0.00E+00    3.72E-01    3.60E-04    1.33E-03    3.11E-01    4.35E-02    1.09E-02
  139.0     2.29E-01    2.56E-02    8.89E-05    9.79E-05    1.13E-02    0.00E+00    3.67E-01    3.61E-04    1.35E-03    3.20E-01    4.47E-02    1.12E-02
  139.5     2.25E-01    2.51E-02    8.72E-05    9.59E-05    1.11E-02    0.00E+00    3.62E-01    3.61E-04    1.37E-03    3.29E-01    4.59E-02    1.14E-02
  140.0     2.20E-01    2.47E-02    8.55E-05    9.40E-05    1.09E-02    0.00E+00    3.58E-01    3.62E-04    1.39E-03    3.38E-01    4.71E-02    1.17E-02
  141.0     2.11E-01    2.37E-02    8.21E-05    9.01E-05    1.04E-02    0.00E+00    3.47E-01    3.63E-04    1.42E-03    3.56E-01    4.94E-02    1.23E-02
  142.0     2.02E-01    2.27E-02    7.86E-05    8.62E-05    9.97E-03    0.00E+00    3.37E-01    3.63E-04    1.45E-03    3.75E-01    5.18E-02    1.29E-02
  143.0     1.93E-01    2.17E-02    7.51E-05    8.22E-05    9.52E-03    0.00E+00    3.26E-01    3.63E-04    1.48E-03    3.94E-01    5.40E-02    1.36E-02
  144.0     1.84E-01    2.06E-02    7.16E-05    7.83E-05    9.07E-03    0.00E+00    3.15E-01    3.63E-04    1.50E-03    4.14E-01    5.62E-02    1.43E-02
  145.0     1.74E-01    1.96E-02    6.81E-05    7.44E-05    8.61E-03    0.00E+00    3.03E-01    3.62E-04    1.52E-03    4.34E-01    5.83E-02    1.52E-02
  146.0     1.65E-01    1.86E-02    6.46E-05    7.04E-05    8.16E-03    0.00E+00    2.91E-01    3.60E-04    1.54E-03    4.55E-01    6.02E-02    1.61E-02
  147.0     1.56E-01    1.76E-02    6.11E-05    6.65E-05    7.70E-03    0.00E+00    2.78E-01    3.58E-04    1.55E-03    4.77E-01    6.20E-02    1.72E-02
  148.0     1.47E-01    1.66E-02    5.76E-05    6.26E-05    7.25E-03    0.00E+00    2.65E-01    3.55E-04    1.56E-03    4.99E-01    6.35E-02    1.83E-02
  149.0     1.38E-01    1.56E-02    5.40E-05    5.87E-05    6.80E-03    0.00E+00    2.52E-01    3.51E-04    1.56E-03    5.21E-01    6.48E-02    1.97E-02
  150.0     1.28E-01    1.46E-02    5.05E-05    5.48E-05    6.34E-03    0.00E+00    2.38E-01    3.47E-04    1.56E-03    5.44E-01    6.58E-02    2.12E-02
  151.0     1.19E-01    1.35E-02    4.70E-05    5.09E-05    5.89E-03    0.00E+00    2.24E-01    3.41E-04    1.55E-03    5.69E-01    6.65E-02    2.29E-02
  152.0     1.10E-01    1.25E-02    4.34E-05    4.70E-05    5.44E-03    0.00E+00    2.10E-01    3.35E-04    1.53E-03    5.94E-01    6.68E-02    2.50E-02
  153.0     1.01E-01    1.15E-02    3.98E-05    4.31E-05    4.99E-03    0.00E+00    1.95E-01    3.27E-04    1.51E-03    6.19E-01    6.65E-02    2.74E-02
  154.0     9.17E-02    1.05E-02    3.62E-05    3.91E-05    4.53E-03    0.00E+00    1.79E-01    3.18E-04    1.48E-03    6.47E-01    6.57E-02    3.03E-02
  155.0     8.25E-02    9.40E-03    3.26E-05    3.52E-05    4.07E-03    0.00E+00    1.63E-01    3.06E-04    1.43E-03    6.75E-01    6.41E-02    3.39E-02
  156.0     7.31E-02    8.34E-03    2.89E-05    3.12E-05    3.61E-03    0.00E+00    1.46E-01    2.93E-04    1.37E-03    7.05E-01    6.17E-02    3.85E-02
  157.0     6.35E-02    7.26E-03    2.52E-05    2.71E-05    3.14E-03    0.00E+00    1.29E-01    2.77E-04    1.30E-03    7.37E-01    5.83E-02    4.45E-02
  158.0     5.38E-02    6.15E-03    2.13E-05    2.29E-05    2.66E-03    0.00E+00    1.11E-01    2.58E-04    1.21E-03    7.72E-01    5.37E-02    5.28E-02
  159.0     4.40E-02    5.04E-03    1.75E-05    1.88E-05    2.17E-03    0.00E+00    9.14E-02    2.36E-04    1.10E-03    8.08E-01    4.77E-02    6.49E-02
  160.0     3.44E-02    3.95E-03    1.37E-05    1.47E-05    1.70E-03    0.00E+00    7.25E-02    2.14E-04    9.88E-04    8.46E-01    4.06E-02    8.34E-02
  162.0     2.04E-02    2.34E-03    8.12E-06    8.68E-06    1.01E-03    0.00E+00    4.39E-02    1.68E-04    7.58E-04    9.03E-01    2.85E-02    1.42E-01
  164.0     1.41E-02    1.63E-03    5.65E-06    6.03E-06    6.98E-04    0.00E+00    3.13E-02    1.19E-04    5.52E-04    9.28E-01    2.35E-02    2.07E-01
  166.0     1.12E-02    1.29E-03    4.48E-06    4.77E-06    5.52E-04    0.00E+00    2.53E-02    9.67E-05    4.56E-04    9.39E-01    2.22E-02    2.65E-01
  168.0     9.43E-03    1.09E-03    3.78E-06    4.02E-06    4.66E-04    0.00E+00    2.19E-02    8.35E-05    4.01E-04    9.44E-01    2.25E-02    3.17E-01
  170.0     8.25E-03    9.57E-04    3.32E-06    3.52E-06    4.07E-04    0.00E+00    1.96E-02    7.47E-05    3.65E-04    9.46E-01    2.40E-02    3.65E-01
  172.0     7.38E-03    8.58E-04    2.97E-06    3.15E-06    3.64E-04    0.00E+00    1.79E-02    6.83E-05    3.38E-04    9.47E-01    2.64E-02    4.12E-01
  174.0     6.70E-03    7.80E-04    2.70E-06    2.86E-06    3.30E-04    0.00E+00    1.66E-02    6.33E-05    3.18E-04    9.45E-01    3.01E-02    4.59E-01
  176.0     6.13E-03    7.16E-04    2.48E-06    2.61E-06    3.03E-04    0.00E+00    1.56E-02    5.92E-05    3.01E-04    9.41E-01    3.57E-02    5.06E-01
  178.0     5.64E-03    6.60E-04    2.29E-06    2.41E-06    2.78E-04    0.00E+00    1.47E-02    5.56E-05    2.85E-04    9.34E-01    4.47E-02    5.55E-01
  180.0     5.19E-03    6.08E-04    2.11E-06    2.21E-06    2.56E-04    0.00E+00    1.38E-02    5.21E-05    2.70E-04    9.19E-01    6.05E-02    6.09E-01
  182.0     4.72E-03    5.54E-04    1.92E-06    2.01E-06    2.33E-04    0.00E+00    1.28E-02    4.83E-05    2.52E-04    8.91E-01    9.04E-02    6.76E-01
  184.0     4.25E-03    5.00E-04    1.73E-06    1.81E-06    2.09E-04    0.00E+00    1.18E-02    4.43E-05    2.33E-04    8.51E-01    1.32E-01    7.57E-01
  186.0     3.86E-03    4.55E-04    1.58E-06    1.64E-06    1.90E-04    0.00E+00    1.10E-02    4.09E-05    2.17E-04    8.18E-01    1.66E-01    8.41E-01
  188.0     3.55E-03    4.20E-04    1.46E-06    1.51E-06    1.75E-04    0.00E+00    1.03E-02    3.84E-05    2.05E-04    7.94E-01    1.91E-01    9.21E-01
  190.0     3.30E-03    3.91E-04    1.36E-06    1.41E-06    1.63E-04    0.00E+00    9.79E-03    3.63E-05    1.95E-04    7.77E-01    2.09E-01    9.99E-01
  192.0     3.09E-03    3.67E-04    1.27E-06    1.32E-06    1.53E-04    0.00E+00    9.37E-03    3.46E-05    1.86E-04    7.64E-01    2.23E-01    1.08E+00
  194.0     2.92E-03    3.47E-04    1.20E-06    1.24E-06    1.44E-04    0.00E+00    9.01E-03    3.31E-05    1.79E-04    7.54E-01    2.34E-01    1.15E+00
  196.0     2.76E-03    3.29E-04    1.14E-06    1.18E-06    1.36E-04    0.00E+00    8.70E-03    3.18E-05    1.73E-04    7.46E-01    2.42E-01    1.23E+00
  198.0     2.62E-03    3.12E-04    1.08E-06    1.12E-06    1.29E-04    0.00E+00    8.43E-03    3.06E-05    1.67E-04    7.39E-01    2.49E-01    1.30E+00
  200.0     2.49E-03    2.98E-04    1.03E-06    1.06E-06    1.23E-04    0.00E+00    8.19E-03    2.96E-05    1.62E-04    7.34E-01    2.55E-01    1.38E+00
  202.0     2.38E-03    2.85E-04    9.87E-07    1.01E-06    1.17E-04    0.00E+00    7.97E-03    2.87E-05    1.57E-04    7.30E-01    2.60E-01    1.46E+00
  204.0     2.27E-03    2.73E-04    9.45E-07    9.67E-07    1.12E-04    0.00E+00    7.77E-03    2.78E-05    1.52E-04    7.26E-01    2.64E-01    1.54E+00
  206.0     2.17E-03    2.61E-04    9.06E-07    9.26E-07    1.07E-04    0.00E+00    7.59E-03    2.70E-05    1.48E-04    7.23E-01    2.67E-01    1.62E+00
  208.0     2.08E-03    2.51E-04    8.71E-07    8.88E-07    1.03E-04    0.00E+00    7.43E-03    2.63E-05    1.44E-04    7.20E-01    2.70E-01    1.70E+00
  210.0     2.00E-03    2.42E-04    8.38E-07    8.53E-07    9.87E-05    0.00E+00    7.27E-03    2.56E-05    1.40E-04    7.17E-01    2.73E-01    1.79E+00
  212.0     1.92E-03    2.33E-04    8.07E-07    8.20E-07    9.49E-05    0.00E+00    7.13E-03    2.49E-05    1.37E-04    7.15E-01    2.75E-01    1.87E+00
  214.0     1.85E-03    2.24E-04    7.78E-07    7.89E-07    9.13E-05    0.00E+00    7.00E-03    2.43E-05    1.33E-04    7.13E-01    2.77E-01    1.96E+00
  216.0     1.78E-03    2.16E-04    7.50E-07    7.60E-07    8.79E-05    0.00E+00    6.87E-03    2.37E-05    1.30E-04    7.12E-01    2.79E-01    2.05E+00
  218.0     1.72E-03    2.09E-04    7.25E-07    7.33E-07    8.48E-05    0.00E+00    6.75E-03    2.32E-05    1.27E-04    7.10E-01    2.81E-01    2.15E+00
  220.0     1.66E-03    2.02E-04    7.00E-07    7.07E-07    8.18E-05    0.00E+00    6.64E-03    2.27E-05    1.24E-04    7.09E-01    2.82E-01    2.24E+00
  222.0     1.60E-03    1.95E-04    6.78E-07    6.83E-07    7.90E-05    0.00E+00    6.53E-03    2.22E-05    1.21E-04    7.08E-01    2.84E-01    2.34E+00
  224.0     1.55E-03    1.89E-04    6.56E-07    6.60E-07    7.63E-05    0.00E+00    6.43E-03    2.17E-05    1.18E-04    7.07E-01    2.85E-01    2.44E+00
  226.0     1.50E-03    1.83E-04    6.35E-07    6.38E-07    7.38E-05    0.00E+00    6.34E-03    2.13E-05    1.15E-04    7.06E-01    2.86E-01    2.54E+00
  228.0     1.45E-03    1.78E-04    6.16E-07    6.17E-07    7.14E-05    0.00E+00    6.24E-03    2.08E-05    1.13E-04    7.05E-01    2.87E-01    2.64E+00
  230.0     1.40E-03    1.72E-04    5.97E-07    5.98E-07    6.91E-05    0.00E+00    6.16E-03    2.04E-05    1.10E-04    7.04E-01    2.88E-01    2.75E+00
  232.0     1.36E-03    1.67E-04    5.79E-07    5.79E-07    6.70E-05    0.00E+00    6.07E-03    2.00E-05    1.08E-04    7.03E-01    2.89E-01    2.86E+00
  234.0     1.32E-03    1.62E-04    5.62E-07    5.61E-07    6.49E-05    0.00E+00    6.00E-03    1.97E-05    1.05E-04    7.02E-01    2.90E-01    2.97E+00
  236.0     1.28E-03    1.58E-04    5.46E-07    5.44E-07    6.29E-05    0.00E+00    5.92E-03    1.93E-05    1.03E-04    7.02E-01    2.91E-01    3.08E+00
  238.0     1.24E-03    1.53E-04    5.31E-07    5.28E-07    6.11E-05    0.00E+00    5.85E-03    1.89E-05    1.01E-04    7.01E-01    2.92E-01    3.20E+00
  240.0     1.20E-03    1.49E-04    5.16E-07    5.12E-07    5.93E-05    0.00E+00    5.78E-03    1.86E-05    9.86E-05    7.01E-01    2.92E-01    3.32E+00
  242.0     1.17E-03    1.45E-04    5.02E-07    4.98E-07    5.76E-05    0.00E+00    5.71E-03    1.83E-05    9.65E-05    7.00E-01    2.93E-01    3.44E+00
  244.0     1.13E-03    1.41E-04    4.88E-07    4.83E-07    5.59E-05    0.00E+00    5.65E-03    1.80E-05    9.44E-05    6.99E-01    2.94E-01    3.57E+00
  246.0     1.10E-03    1.37E-04    4.75E-07    4.70E-07    5.43E-05    0.00E+00    5.59E-03    1.77E-05    9.24E-05    6.99E-01    2.94E-01    3.69E+00
  248.0     1.07E-03    1.34E-04    4.63E-07    4.57E-07    5.28E-05    0.00E+00    5.53E-03    1.74E-05    9.04E-05    6.98E-01    2.95E-01    3.83E+00
  250.0     1.04E-03    1.30E-04    4.51E-07    4.44E-07    5.14E-05    0.00E+00    5.47E-03    1.71E-05    8.85E-05    6.98E-01    2.96E-01    3.96E+00
  252.0     1.02E-03    1.27E-04    4.39E-07    4.32E-07    5.00E-05    0.00E+00    5.42E-03    1.68E-05    8.67E-05    6.97E-01    2.96E-01    4.10E+00
  254.0     9.88E-04    1.24E-04    4.28E-07    4.21E-07    4.87E-05    0.00E+00    5.36E-03    1.66E-05    8.49E-05    6.97E-01    2.97E-01    4.24E+00
  256.0     9.62E-04    1.20E-04    4.17E-07    4.10E-07    4.74E-05    0.00E+00    5.31E-03    1.63E-05    8.31E-05    6.96E-01    2.97E-01    4.38E+00
  258.0     9.37E-04    1.17E-04    4.07E-07    3.99E-07    4.61E-05    2.51E-09    5.26E-03    1.61E-05    8.14E-05    6.96E-01    2.98E-01    4.52E+00
  260.0     9.13E-04    1.15E-04    3.97E-07    3.89E-07    4.50E-05    5.25E-08    5.22E-03    1.59E-05    7.98E-05    6.96E-01    2.98E-01    4.67E+00
  262.0     8.90E-04    1.12E-04    3.88E-07    3.79E-07    4.38E-05    1.93E-07    5.17E-03    1.56E-05    7.81E-05    6.95E-01    2.99E-01    4.82E+00
  264.0     8.67E-04    1.09E-04    3.79E-07    3.69E-07    4.27E-05    4.57E-07    5.13E-03    1.54E-05    7.66E-05    6.95E-01    2.99E-01    4.98E+00
  266.0     8.46E-04    1.07E-04    3.70E-07    3.60E-07    4.17E-05    8.79E-07    5.09E-03    1.52E-05    7.51E-05    6.94E-01    3.00E-01    5.14E+00
  268.0     8.25E-04    1.04E-04    3.61E-07    3.52E-07    4.07E-05    1.49E-06    5.05E-03    1.50E-05    7.36E-05    6.94E-01    3.00E-01    5.30E+00
  270.0     8.05E-04    1.02E-04    3.53E-07    3.43E-07    3.97E-05    2.33E-06    5.01E-03    1.48E-05    7.21E-05    6.94E-01    3.00E-01    5.46E+00
  272.0     7.86E-04    9.95E-05    3.45E-07    3.35E-07    3.87E-05    3.42E-06    4.97E-03    1.46E-05    7.07E-05    6.93E-01    3.01E-01    5.63E+00
  274.0     7.68E-04    9.73E-05    3.37E-07    3.27E-07    3.78E-05    4.80E-06    4.94E-03    1.45E-05    6.93E-05    6.93E-01    3.01E-01    5.80E+00
  276.0     7.50E-04    9.52E-05    3.30E-07    3.19E-07    3.69E-05    6.51E-06    4.90E-03    1.43E-05    6.80E-05    6.93E-01    3.02E-01    5.97E+00
  278.0     7.32E-04    9.31E-05    3.23E-07    3.12E-07    3.61E-05    8.58E-06    4.87E-03    1.41E-05    6.67E-05    6.92E-01    3.02E-01    6.15E+00
  280.0     7.16E-04    9.11E-05    3.16E-07    3.05E-07    3.53E-05    1.11E-05    4.84E-03    1.39E-05    6.54E-05    6.92E-01    3.02E-01    6.33E+00
  282.0     7.00E-04    8.92E-05    3.09E-07    2.98E-07    3.45E-05    1.40E-05    4.81E-03    1.38E-05    6.42E-05    6.92E-01    3.03E-01    6.52E+00
  284.0     6.84E-04    8.73E-05    3.03E-07    2.91E-07    3.37E-05    1.74E-05    4.78E-03    1.36E-05    6.30E-05    6.91E-01    3.03E-01    6.71E+00
  286.0     6.69E-04    8.55E-05    2.96E-07    2.85E-07    3.30E-05    2.13E-05    4.75E-03    1.35E-05    6.18E-05    6.91E-01    3.03E-01    6.90E+00
  288.0     6.54E-04    8.37E-05    2.90E-07    2.79E-07    3.22E-05    2.58E-05    4.72E-03    1.33E-05    6.07E-05    6.91E-01    3.04E-01    7.09E+00
  290.0     6.40E-04    8.20E-05    2.84E-07    2.73E-07    3.15E-05    3.10E-05    4.70E-03    1.32E-05    5.95E-05    6.90E-01    3.04E-01    7.29E+00
  295.0     6.07E-04    7.80E-05    2.70E-07    2.58E-07    2.99E-05    4.73E-05    4.64E-03    1.29E-05    5.69E-05    6.90E-01    3.05E-01    7.80E+00
  300.0     5.76E-04    7.42E-05    2.57E-07    2.45E-07    2.84E-05    6.95E-05    4.59E-03    1.26E-05    5.44E-05    6.89E-01    3.06E-01    8.33E+00
  305.0     5.47E-04    7.07E-05    2.45E-07    2.33E-07    2.70E-05    9.93E-05    4.54E-03    1.23E-05    5.20E-05    6.88E-01    3.07E-01    8.89E+00
  310.0     5.21E-04    6.75E-05    2.34E-07    2.22E-07    2.57E-05    1.39E-04    4.50E-03    1.21E-05    4.98E-05    6.88E-01    3.07E-01    9.47E+00
  315.0     4.96E-04    6.45E-05    2.24E-07    2.11E-07    2.44E-05    1.94E-04    4.47E-03    1.19E-05    4.77E-05    6.87E-01    3.08E-01    1.01E+01
  320.0     4.73E-04    6.17E-05    2.14E-07    2.02E-07    2.33E-05    2.68E-04    4.45E-03    1.17E-05    4.57E-05    6.86E-01    3.09E-01    1.07E+01
  325.0     4.52E-04    5.90E-05    2.05E-07    1.92E-07    2.22E-05    3.72E-04    4.43E-03    1.16E-05    4.38E-05    6.85E-01    3.09E-01    1.14E+01
  330.0     4.32E-04    5.66E-05    1.96E-07    1.84E-07    2.13E-05    5.24E-04    4.43E-03    1.14E-05    4.21E-05    6.85E-01    3.10E-01    1.20E+01
  335.0     4.13E-04    5.42E-05    1.88E-07    1.76E-07    2.03E-05    7.63E-04    4.43E-03    1.14E-05    4.04E-05    6.84E-01    3.10E-01    1.28E+01
  340.0     3.95E-04    5.21E-05    1.80E-07    1.68E-07    1.95E-05    1.20E-03    4.45E-03    1.13E-05    3.88E-05    6.83E-01    3.11E-01    1.35E+01
  345.0     3.78E-04    4.99E-05    1.73E-07    1.61E-07    1.86E-05    3.26E-03    4.49E-03    1.14E-05    3.73E-05    6.81E-01    3.11E-01    1.43E+01
  350.0     3.58E-04    4.74E-05    1.64E-07    1.53E-07    1.76E-05    1.56E-02    4.52E-03    1.11E-05    3.53E-05    6.72E-01    3.07E-01    1.53E+01
  360.0     3.18E-04    4.23E-05    1.47E-07    1.36E-07    1.57E-05    5.16E-02    4.45E-03    1.01E-05    3.11E-05    6.47E-01    2.97E-01    1.76E+01
  370.0     2.84E-04    3.80E-05    1.32E-07    1.21E-07    1.40E-05    8.42E-02    4.32E-03    9.08E-06    2.75E-05    6.24E-01    2.88E-01    2.01E+01
  380.0     2.56E-04    3.44E-05    1.19E-07    1.09E-07    1.26E-05    1.11E-01    4.18E-03    8.19E-06    2.44E-05    6.04E-01    2.80E-01    2.29E+01
  390.0     2.32E-04    3.13E-05    1.09E-07    9.89E-08    1.14E-05    1.33E-01    4.02E-03    7.42E-06    2.18E-05    5.89E-01    2.74E-01    2.58E+01
  400.0     2.13E-04    2.88E-05    9.97E-08    9.04E-08    1.05E-05    1.51E-01    3.87E-03    6.75E-06    1.96E-05    5.77E-01    2.69E-01    2.88E+01
  420.0     1.81E-04    2.47E-05    8.56E-08    7.70E-08    8.90E-06    1.75E-01    3.58E-03    5.67E-06    1.61E-05    5.59E-01    2.62E-01    3.52E+01
  440.0     1.57E-04    2.16E-05    7.49E-08    6.68E-08    7.73E-06    1.89E-01    3.32E-03    4.86E-06    1.35E-05    5.49E-01    2.59E-01    4.22E+01
  460.0     1.39E-04    1.92E-05    6.65E-08    5.89E-08    6.81E-06    1.96E-01    3.09E-03    4.23E-06    1.15E-05    5.44E-01    2.58E-01    4.98E+01
  480.0     1.24E-04    1.72E-05    5.97E-08    5.26E-08    6.07E-06    1.98E-01    2.87E-03    3.73E-06    9.89E-06    5.42E-01    2.58E-01    5.79E+01
  500.0     1.11E-04    1.56E-05    5.42E-08    4.73E-08    5.47E-06    1.97E-01    2.69E-03    3.33E-06    8.60E-06    5.42E-01    2.59E-01    6.66E+01
  520.0     1.01E-04    1.43E-05    4.94E-08    4.29E-08    4.96E-06    1.94E-01    2.52E-03    3.01E-06    7.55E-06    5.43E-01    2.60E-01    7.59E+01
  540.0     9.21E-05    1.31E-05    4.54E-08    3.92E-08    4.53E-06    1.90E-01    2.36E-03    2.74E-06    6.67E-06    5.46E-01    2.62E-01    8.59E+01
  560.0     8.45E-05    1.21E-05    4.19E-08    3.59E-08    4.15E-06    1.85E-01    2.22E-03    2.52E-06    5.93E-06    5.49E-01    2.64E-01    9.67E+01
  580.0     7.78E-05    1.12E-05    3.88E-08    3.31E-08    3.82E-06    1.79E-01    2.10E-03    2.33E-06    5.30E-06    5.52E-01    2.67E-01    1.08E+02
  600.0     7.19E-05    1.04E-05    3.61E-08    3.06E-08    3.53E-06    1.72E-01    1.99E-03    2.17E-06    4.76E-06    5.56E-01    2.69E-01    1.21E+02    